Kshort         Centrality:0-100
pT(GeV/c)      MLoverP        SigExtrac      Topological    TPCPID         TrackQuality   CompetMass     Material       Total          
0.65           0.0182011      0.32151        4.38023        0.0874785      1.35183        0.165972       4              6.09531        
0.75           0.03669        0.454063       2.91766        0.095319       1.2889         0.358878       4              5.1497         
0.85           0.0571005      0.396892       2.20136        0.0332977      1.27481        0.306105       4              4.76725        
0.95           0.0366429      0.223689       1.91566        0.0387806      1.31744        0.0343884      4              4.63244        
1.05           0.0776108      0.180867       1.687          0.049521       1.27244        0.296795       4              4.5381         
1.15           0.125355       0.107778       1.88645        0.0659806      1.37982        0.682816       4              4.68621        
1.3            0.144253       0.230561       1.70228        0.037721       1.41894        1.45213        4              4.80575        
1.5            0.0186945      0.0819551      1.22925        0.105068       1.51895        1.70279        4              4.76821        
1.7            0.111538       1.41112        0.409335       0.095358       1.50565        1.3104         4              4.70792        
1.9            0.075644       2.31311        0.820171       0.144809       1.51581        0.737081       4              4.98907        
2.1            0.0329279      2.57397        0.60756        0.151608       1.66564        0.335979       4              5.08977        
2.3            0.0182761      2.16168        0.28936        0.170015       1.57999        0.0557687      4              4.82548        
2.5            0.0166489      2.01677        0.204206       0.187093       1.79694        0.0520161      4              4.83488        
2.7            0.0206653      1.75768        0.130522       0.179105       1.75124        0.0805989      4              4.71299        
3              0.0131504      1.69336        0.196503       0.204387       1.80644        0.120792       4              4.71443        
3.45           0.011682       1.25365        0              0.248025       1.70157        0.104826       4              4.53207        
3.95           0.0144397      0.84444        0.296739       0.32454        1.6517         0.222947       4              4.43672        
4.6            0              0.843763       0.158511       0.264164       1.36115        0.127668       4              4.32156        
5.5            0              0.965218       0.408628       0.296508       1.14333        0.125009       4              4.30225        
7              0              0.92482        0.33976        0.181277       1.51486        0              4              4.39299        
10             0              1.70765        1.88099        0.190081       1.81165        0.567699       4              5.1083         
Lambda         Centrality:0-100
pT(GeV/c)      MLoverP        SigExtrac      Topological    TPCPID         TrackQuality   Material       Total          
0.65           1.60204        0.607516       3.88619        0.296086       0.246406       4              5.84692        
0.75           1.93627        0.47412        3.98328        0.217755       0.666887       4              6.02765        
0.85           1.95488        0.523931       3.77495        0.330422       0.753887       4              5.91809        
0.95           2.13449        0.70457        3.47384        0.735748       1.00583        4              5.88838        
1.05           2.02295        0.748704       2.8668         0.577397       1.02133        4              5.49981        
1.15           2.19393        1.07487        1.85917        0.565828       1.10409        4              5.19273        
1.3            2.27142        1.64553        0.994959       0.161969       1.19597        4              5.12968        
1.5            2.04025        1.02128        0.925029       0.0941768      1.31366        4              4.8781         
1.7            1.57185        0.969301       0.892507       0.0738953      1.14454        4              4.63921        
1.9            1.03204        0.590688       1.05752        0.107093       1.35315        4              4.51385        
2.1            0.327986       0.521047       0.919013       0.159306       1.26267        4              4.34089        
2.3            0.21578        0.39845        1.39388        0.18037        1.37784        4              4.48098        
2.5            0.046583       0.310161       1.53285        0.184439       1.87888        4              4.69172        
2.7            0              0.44825        1.41213        0.168024       1.77579        4              4.6235         
3              0.0242959      0.661294       1.68649        0.146764       1.75022        4              4.72937        
3.45           0              0.805015       1.11779        0.158802       1.74404        4              4.57869        
3.95           0              0.836598       1.05961        0.211282       1.50497        4              4.4869         
4.6            0              0.753096       0.541683       0.220119       2.42843        4              4.77559        
5.5            0              1.39035        1.17784        0.354835       2.5146         4              5.07637        
7              0              1.35797        1.55117        0.554733       3.03584        4              5.45658        
10             0              2.55206        2.74034        0.958116       1.49796        4              5.76059        
AntiLa         Centrality:0-100
pT(GeV/c)      MLoverP        SigExtrac      Topological    TPCPID         TrackQuality   Material       Total          
0.65           1.33212        0.218218       3.83115        0.262214       0.212099       4              5.71083        
0.75           1.59742        0.3531         3.81079        0.191927       0.493731       4              5.78611        
0.85           1.84082        0.585447       3.53293        0.360552       0.670642       4              5.72649        
0.95           1.96318        0.741059       3.56068        0.658288       0.938478       4              5.86479        
1.05           2.06923        0.873368       2.5293         0.640918       1.13638        4              5.39852        
1.15           2.17455        1.00246        1.99559        0.571623       1.16635        4              5.2348         
1.3            2.28119        0.970979       1.04009        0.178723       1.2129         4              4.97308        
1.5            2.34063        0.992128       0.795643       0.0860801      1.19178        4              4.95214        
1.7            1.77875        0.973521       0.552704       0.0925121      0.917266       4              4.61163        
1.9            0.964805       0.501155       0.422858       0.125436       1.15168        4              4.32469        
2.1            0.45704        0.438188       0.837166       0.152802       0.897331       4              4.23442        
2.3            0.127975       0.22424        1.08383        0.181027       1.34615        4              4.36878        
2.5            0.0520678      0.195009       1.37564        0.189244       1.39929        4              4.46396        
2.7            0.0196377      0.438029       1.19742        0.135201       1.20228        4              4.36919        
3              0.0129897      0.616077       1.697          0.178727       1.40987        4              4.61294        
3.45           0.0215093      0.922306       0.898835       0.174687       1.42311        4              4.44013        
3.95           0              0.624036       2.39608        0.178485       1.16124        4              4.84881        
4.6            0              0.411745       2.70759        0.267086       1.4116         4              5.05614        
5.5            0              0.409999       1.0518         0.318756       1.25722        4              4.35392        
7              0              1.04061        1.64995        0.680049       2.78336        4              5.2929         
10             0              1.06018        0              0              1.96123        4              4.57935        
Xi             Centrality:0-100
pT(GeV/c)      MLoverP        SigExtrac      Topological    TPCPID         TrackQuality   Material       Total          
0.65           0.569349       5.10695        1.34446        3.13945        0              4              7.35315        
0.75           0.649735       4.26993        0              2.28341        0              4              6.31414        
0.85           0.617306       2.64854        0              2.38344        0.862604       4              5.46083        
0.95           0.534062       1.84735        2.86418        2.05816        1.32585        4              5.82197        
1.05           0              1.36475        2.23399        2.04403        1.17519        4              5.33033        
1.15           0              1.18759        2.49359        1.84333        0.54592        4              5.22726        
1.3            0              1.41401        1.33302        1.78011        0.644181       4              4.83323        
1.5            0.42685        1.18785        2.80057        1.29605        0.477034       4              5.22912        
1.7            0.813378       1.11524        4.11702        1.31526        0.237627       4              6.05323        
1.9            0.332843       0.502149       1.62282        1.19645        0.231835       4              4.52567        
2.1            0.434567       0.91165        0              1.16428        0              4              4.28667        
2.3            0.178594       0.798691       0.266          1.09204        0.317943       4              4.24667        
2.5            0.0971543      1.03836        1.13107        1.08807        0.400325       4              4.43972        
2.7            0.631141       0.889402       1.20086        1.09435        0.18345        4              4.45676        
3              0.352846       0.695709       0              1.05555        0.230616       4              4.21614        
3.45           0              0.723668       0.508564       1.1054         0.510915       4              4.27379        
3.95           0              2.51464        2.03811        0.794435       0              4              5.20657        
4.6            0              1.92125        4.78414        0.779035       0.274977       4              6.57737        
5.5            0              3.088          1.32662        1.01213        0              4              5.32166        
7              0              2.56309        2.58453        0              0              4              5.40826        
Omega          Centrality:0-100
pT(GeV/c)      MLoverP        SigExtrac      Topological    TPCPID         TrackQuality   Material       Total          
1.05           0              0              1.197          8.08723        1.31666        4              9.19617        
1.4            0              3.70616        3.19058        10.9193        2.68448        4              12.8978        
1.8            0              3.67995        2.9972         10.6237        0.373763       4              12.3097        
2.1            3.25455        5.20857        4.80132        13.6805        2.5144         4              16.4393        
2.3            5.7735         4.28622        6.87455        13.5167        0              4              17.253         
2.5            6.05318        5.11754        6.91686        11.1448        2.44271        4              16.0264        
2.7            5.62419        5.73727        0              8.95119        1.1566         4              12.7283        
3              2.1729         5.70372        6.90144        8.94284        0.651401       4              13.4641        
3.45           0              3.23145        3.29053        7.29128        1.37613        4              9.60866        
3.95           0              4.52515        2.34192        5.74328        0              4              8.65719        
4.6            0              0              3.73276        5.85522        0              4              8.01356        
